oly
44.48053609808626
37.283407525819136
35.63805074194234
32.931363919540914
31.97547433455269
30.721662768524705
24.676634411492877
22.773107406774105
24.071571116300927
19.386290013500517
19.147333277150015
14.57364296896762
11.51959035787254
6.872575528427846
7.202055005037901
0.5012162187348141
5.058268857472155
4.686138803598651
8.491860046896562
8.60946996848034
ars
49.059603853977336
48.75230596512157
45.04266931343593
45.42343170322579
46.51091020619911
44.91550769311412
36.77519499827001
39.408091647480205
34.71073356950062
34.56446473482411
34.3505405582212
32.08955751555869
30.00468757987725
23.83847176079969
31.02161574420305
25.177979426808125
26.85387890795799
27.883132487503627
26.622045203532995
25.789618172851604
pav
54.87396848007352
55.57381225786485
53.68759918292327
53.448398877212725
54.66040156712516
47.33927326687692
47.03683108623255
41.8683441057732
38.187139873247176
40.08282149331048
39.04745514597001
37.12131659927309
31.937399238635976
26.736896836674028
28.76965926728559
21.987826635956612
20.831197594537844
18.38562786905163
20.964384729262537
19.86509543527003
asc
66.9549391841676
62.50362672852097
62.30658264250196
61.51991316818461
61.718106316372
54.153116077897934
53.48618638314827
51.430405827893296
52.859698205944376
46.21255474727906
43.76820029444532
44.84218506423782
34.48132812924467
33.87478854765049
33.27930658351901
28.999328162157173
26.241475194471462
23.636608295324045
22.569795005254885
23.46441118753519
